38
C.carcharias_LOC121293265_wee1like_protein_kinase_2A              0.0000000 1.3152827 1.2517339 1.2926801 1.1871263 1.2456057 1.2776840 1.1922744 1.2210981 1.2687401 1.3022115 1.2666173 1.2265489 1.1857937 1.2403336 1.3000004 1.3104339 1.3873263 1.2426963 1.0529514 1.0515773 1.4486202 1.3778477 1.3733107 1.1485637 1.0220826 1.1133410 4.3276499 4.8222288 4.7486156 4.7714782 4.4927104 4.1847434 4.2071860 4.0076912 5.1209766 4.6297617 4.8371727 
C.carcharias_wee1_wee1like_protein_kinase_isoform_X1              1.3152827 0.0000000 0.6989173 0.6943389 0.5911594 0.7057366 0.6330169 0.6407997 0.6072592 0.5482124 0.5910230 0.5388318 0.5315032 0.5298846 0.5030072 0.5208964 1.3149229 1.5048655 1.4078577 1.2298281 1.2025813 1.5481202 1.4354650 1.4288114 1.2562645 1.2102608 1.3113676 3.7963785 4.1372694 4.0081925 3.9926007 4.1190298 3.9259511 3.8793104 3.8358892 4.2092306 4.3403685 4.3780213 
S.salar_LOC100380819_wee1like_protein_kinase_isoform_X1           1.2517339 0.6989173 0.0000000 0.0618197 0.3952258 0.4999472 0.4160588 0.4433141 0.4156013 0.6574746 0.7774722 0.6963252 0.6952313 0.6448187 0.6425810 0.6745781 1.3555858 1.4656824 1.3134958 1.2426593 1.2358575 1.7195832 1.6131783 1.6595602 1.3674016 1.3142843 1.3782020 3.5478436 3.7148075 3.8936942 3.8092878 3.9303756 3.6954625 3.7391109 3.5873936 3.8551568 4.0664272 3.9966816 
S.salar_LOC106587548_wee1like_protein_kinase_1A_isoform_X1        1.2926801 0.6943389 0.0618197 0.0000000 0.3998015 0.5119073 0.4287789 0.4608785 0.4265024 0.6479378 0.7885298 0.7098476 0.7071443 0.6391470 0.6340594 0.6674639 1.3702606 1.4820702 1.3409206 1.2447778 1.2477281 1.7312133 1.6238874 1.6543774 1.3811386 1.3210692 1.3872582 3.7795881 3.9483816 4.0112759 3.9235661 4.0846125 3.8300277 3.8739520 3.7198917 3.9997582 4.2764162 4.3005726 
D.rerio_wee1_wee1like_protein_kinase                              1.1871263 0.5911594 0.3952258 0.3998015 0.0000000 0.3612839 0.2450394 0.3060577 0.2796261 0.5263996 0.6302019 0.5512025 0.5666374 0.5532887 0.5587380 0.5981802 1.2795830 1.3256201 1.2626838 1.2192070 1.1650826 1.6237255 1.5433101 1.5249268 1.2916498 1.3085590 1.3678570 3.5373563 3.7064607 3.8052486 3.8045532 3.6876387 3.6955652 3.7389328 3.5908836 4.0929759 3.9929040 4.2246888 
S.salar_LOC106561062_wee1like_protein_kinase_1A                   1.2456057 0.7057366 0.4999472 0.5119073 0.3612839 0.0000000 0.1999060 0.3490667 0.3200672 0.6713105 0.7861614 0.7068633 0.7120186 0.6760425 0.6601823 0.6949376 1.3663113 1.4032233 1.3590187 1.3371708 1.2936790 1.8037447 1.7366531 1.7281133 1.4899418 1.4621415 1.5001428 3.4697704 3.5931072 3.8026321 3.8432314 3.8208408 3.6007954 3.6774095 3.5308741 4.0686655 4.0587854 4.1226549 
S.salar_LOC106584610_wee1like_protein_kinase_1A                   1.2776840 0.6330169 0.4160588 0.4287789 0.2450394 0.1999060 0.0000000 0.2362351 0.2123190 0.5925236 0.7224678 0.6412705 0.6415569 0.6332679 0.6156461 0.6481692 1.3105831 1.3902405 1.2894341 1.2656926 1.2330194 1.6771467 1.6187969 1.6062731 1.3429722 1.3327635 1.3848753 3.3399958 3.5367889 3.6214889 3.5855304 3.7862143 3.5049206 3.5800281 3.3911130 3.9986880 4.0372614 4.0249869 
G.aculeatus_LOC120812640_wee1like_protein_kinase                  1.1922744 0.6407997 0.4433141 0.4608785 0.3060577 0.3490667 0.2362351 0.0000000 0.0389667 0.5942026 0.6899423 0.6123274 0.6130181 0.6121392 0.6100568 0.6159654 1.3040368 1.3164990 1.3120424 1.2707582 1.2419362 1.5491794 1.5040228 1.5386888 1.3830775 1.2918278 1.3574756 3.5043275 3.6892345 3.7118064 3.6709268 3.6943457 3.7084516 3.7382809 3.5658004 3.7512125 3.7841639 3.8959383 
G.aculeatus_wee1_wee1like_protein_kinase                          1.2210981 0.6072592 0.4156013 0.4265024 0.2796261 0.3200672 0.2123190 0.0389667 0.0000000 0.5829554 0.6773465 0.6045482 0.6030815 0.5779883 0.5780400 0.5861133 1.2884636 1.2893173 1.2995937 1.2749795 1.2434115 1.5682185 1.5179775 1.5453819 1.3937181 1.3074513 1.3786573 3.5359733 3.6776764 3.6825613 3.6216310 3.7200470 3.7304724 3.7974675 3.6234931 3.7241630 3.8795626 3.9290845 
X.laevis_wee1.S_wee1like_protein_kinase_1B_isoform_X1             1.2687401 0.5482124 0.6574746 0.6479378 0.5263996 0.6713105 0.5925236 0.5942026 0.5829554 0.0000000 0.4167984 0.3806085 0.3601436 0.3821800 0.3454367 0.3848984 1.3561419 1.4740814 1.4734742 1.3070396 1.2503490 1.5232728 1.4798463 1.4434968 1.3462921 1.2758997 1.3868538 3.7936611 3.9315691 3.9403264 3.9391114 3.9180479 3.8499306 3.8251247 3.7003843 4.1129640 4.0920501 4.2161035 
F.catus_WEE1_wee1like_protein_kinase_isoform_X1                   1.3022115 0.5910230 0.7774722 0.7885298 0.6302019 0.7861614 0.7224678 0.6899423 0.6773465 0.4167984 0.0000000 0.0679234 0.0649413 0.3033458 0.2967641 0.2900151 1.3377800 1.4739815 1.3974791 1.3352793 1.3077205 1.6039583 1.5207548 1.4809608 1.3631826 1.2765858 1.3427157 3.5001670 3.8610616 3.7580544 3.7687822 3.6867568 3.5018676 3.5189126 3.3864324 4.1108885 4.0054053 4.1465160 
E.caballus_WEE1_wee1like_protein_kinase                           1.2666173 0.5388318 0.6963252 0.7098476 0.5512025 0.7068633 0.6412705 0.6123274 0.6045482 0.3806085 0.0679234 0.0000000 0.0492745 0.2885740 0.2656911 0.2873365 1.2839010 1.4147020 1.3325864 1.2866784 1.2618717 1.5802763 1.4903948 1.4798577 1.3421971 1.2514181 1.3008524 3.4767095 3.7642894 3.5989852 3.6231068 3.5872978 3.5260371 3.5245268 3.4045927 4.0271446 3.9030669 3.9949459 
H.sapiens_WEE1_wee1like_protein_kinase_isoform_1                  1.2265489 0.5315032 0.6952313 0.7071443 0.5666374 0.7120186 0.6415569 0.6130181 0.6030815 0.3601436 0.0649413 0.0492745 0.0000000 0.2692853 0.2544002 0.2737294 1.3047961 1.4569475 1.3714658 1.2659128 1.2365248 1.5656037 1.4785672 1.4532818 1.3135154 1.2178298 1.2916146 3.4371179 3.6867272 3.5131420 3.5359994 3.5260825 3.5566513 3.5214581 3.4016436 4.0211443 3.9771669 4.0333576 
S.townsendi_WEE1_wee1like_protein_kinase                          1.1857937 0.5298846 0.6448187 0.6391470 0.5532887 0.6760425 0.6332679 0.6121392 0.5779883 0.3821800 0.3033458 0.2885740 0.2692853 0.0000000 0.1642173 0.1850036 1.3211315 1.4637917 1.4299257 1.2702906 1.2221424 1.6225708 1.5182960 1.5189182 1.3838813 1.3142481 1.3457727 3.6728221 3.8856380 3.7805128 3.7686773 3.6621418 3.8623153 3.9039691 3.7603885 4.0058179 3.9353262 4.1710224 
C.mydas_WEE1_wee1like_protein_kinase_isoform_X1                   1.2403336 0.5030072 0.6425810 0.6340594 0.5587380 0.6601823 0.6156461 0.6100568 0.5780400 0.3454367 0.2967641 0.2656911 0.2544002 0.1642173 0.0000000 0.1204091 1.3238872 1.4926151 1.4021819 1.2498514 1.2216501 1.6088783 1.5022863 1.5023601 1.4069037 1.3284107 1.4296137 3.7115505 3.8964209 3.7230507 3.7111311 3.7136483 3.8226265 3.7798529 3.6472802 4.1346998 4.0354109 4.1894798 
G.gallus_WEE1_wee1like_protein_kinase_isoform_X1                  1.3000004 0.5208964 0.6745781 0.6674639 0.5981802 0.6949376 0.6481692 0.6159654 0.5861133 0.3848984 0.2900151 0.2873365 0.2737294 0.1850036 0.1204091 0.0000000 1.3187101 1.4361185 1.3913144 1.2806090 1.2502959 1.6538160 1.5742191 1.5469402 1.4251305 1.3686720 1.4271193 3.6100034 3.8168309 3.7887287 3.8158921 3.7343341 3.7252710 3.8497782 3.7192213 3.9239805 3.8759118 3.9426624 
D.rerio_wee2_wee1like_protein_kinase_2_isoform_2                  1.3104339 1.3149229 1.3555858 1.3702606 1.2795830 1.3663113 1.3105831 1.3040368 1.2884636 1.3561419 1.3377800 1.2839010 1.3047961 1.3211315 1.3238872 1.3187101 0.0000000 0.5455709 0.4058541 1.0037728 1.0082032 1.4108148 1.3442270 1.2900385 1.1058704 1.0846756 1.0044149 3.9638115 4.2299550 4.1451905 4.2191201 4.1084325 3.7474465 3.7945664 3.5662942 4.2739632 4.1191110 3.9788133 
G.aculeatus_wee2_wee1like_protein_kinase_2_isoform_X2             1.3873263 1.5048655 1.4656824 1.4820702 1.3256201 1.4032233 1.3902405 1.3164990 1.2893173 1.4740814 1.4739815 1.4147020 1.4569475 1.4637917 1.4926151 1.4361185 0.5455709 0.0000000 0.4924681 1.1372314 1.1506217 1.5812242 1.4859653 1.4359936 1.3030253 1.2432016 1.1885394 4.0411378 4.5413272 4.2560834 4.2103863 4.4245993 3.6879639 3.8834487 3.6127952 4.2527084 4.2558470 4.0795443 
S.salar_wee2_wee1like_protein_kinase_2                            1.2426963 1.4078577 1.3134958 1.3409206 1.2626838 1.3590187 1.2894341 1.3120424 1.2995937 1.4734742 1.3974791 1.3325864 1.3714658 1.4299257 1.4021819 1.3913144 0.4058541 0.4924681 0.0000000 1.0779300 1.1067337 1.4875639 1.3996719 1.3688029 1.1845157 1.0820005 1.0977143 3.7784324 4.1909979 4.0361000 4.0857816 4.2497743 3.5228129 3.6012403 3.3247451 4.2633636 4.0359557 3.9810522 
X.laevis_wee2.S_wee1like_protein_kinase_2B                        1.0529514 1.2298281 1.2426593 1.2447778 1.2192070 1.3371708 1.2656926 1.2707582 1.2749795 1.3070396 1.3352793 1.2866784 1.2659128 1.2702906 1.2498514 1.2806090 1.0037728 1.1372314 1.0779300 0.0000000 0.0873272 1.1425608 1.1024952 1.0502930 0.7790564 0.6814198 0.7848393 3.9559795 4.3904058 4.2651149 4.3338304 4.0077161 3.9369529 3.9769426 3.8734270 4.5868727 4.6327249 4.4195575 
X.laevis_wee2.L_wee1like_protein_kinase_2A                        1.0515773 1.2025813 1.2358575 1.2477281 1.1650826 1.2936790 1.2330194 1.2419362 1.2434115 1.2503490 1.3077205 1.2618717 1.2365248 1.2221424 1.2216501 1.2502959 1.0082032 1.1506217 1.1067337 0.0873272 0.0000000 1.1536213 1.0935570 1.0526449 0.7682669 0.6688089 0.7548210 3.9749625 4.4324370 4.2770200 4.3720337 4.0470984 3.9978521 4.0362260 3.9267634 4.5599149 4.8041999 4.4530614 
H.sapiens_WEE2_wee1like_protein_kinase_2                          1.4486202 1.5481202 1.7195832 1.7312133 1.6237255 1.8037447 1.6771467 1.5491794 1.5682185 1.5232728 1.6039583 1.5802763 1.5656037 1.6225708 1.6088783 1.6538160 1.4108148 1.5812242 1.4875639 1.1425608 1.1536213 0.0000000 0.2251631 0.2729217 1.0319650 0.9201270 1.0224175 4.6009168 4.8596339 4.6596396 4.5601278 4.5857857 4.4151977 4.7245970 4.4393881 4.7608886 4.7862651 4.3638265 
E.caballus_WEE2_wee1like_protein_kinase_2                         1.3778477 1.4354650 1.6131783 1.6238874 1.5433101 1.7366531 1.6187969 1.5040228 1.5179775 1.4798463 1.5207548 1.4903948 1.4785672 1.5182960 1.5022863 1.5742191 1.3442270 1.4859653 1.3996719 1.1024952 1.0935570 0.2251631 0.0000000 0.1821030 0.9786513 0.8292530 0.9699181 4.2830965 4.6508040 4.4475456 4.3345158 4.3479436 4.1291988 4.3667811 4.1065228 4.6902037 4.2942656 4.2533353 
F.catus_WEE2_wee1like_protein_kinase_2_isoform_X1                 1.3733107 1.4288114 1.6595602 1.6543774 1.5249268 1.7281133 1.6062731 1.5386888 1.5453819 1.4434968 1.4809608 1.4798577 1.4532818 1.5189182 1.5023601 1.5469402 1.2900385 1.4359936 1.3688029 1.0502930 1.0526449 0.2729217 0.1821030 0.0000000 0.9439246 0.8408461 0.9281678 4.1814806 4.6291495 4.3650358 4.2598867 4.2952742 4.0450040 4.3090288 4.0670056 4.6808104 4.4231692 4.4158896 
S.townsendi_WEE2_wee1like_protein_kinase_2                        1.1485637 1.2562645 1.3674016 1.3811386 1.2916498 1.4899418 1.3429722 1.3830775 1.3937181 1.3462921 1.3631826 1.3421971 1.3135154 1.3838813 1.4069037 1.4251305 1.1058704 1.3030253 1.1845157 0.7790564 0.7682669 1.0319650 0.9786513 0.9439246 0.0000000 0.3451579 0.4699926 4.1161049 4.4109873 4.3239754 4.3263334 4.4911649 4.1157350 4.2595181 3.9868744 4.6867182 4.4105579 4.1709839 
C.mydas_WEE2_wee1like_protein_kinase_2_isoform_X3                 1.0220826 1.2102608 1.3142843 1.3210692 1.3085590 1.4621415 1.3327635 1.2918278 1.3074513 1.2758997 1.2765858 1.2514181 1.2178298 1.3142481 1.3284107 1.3686720 1.0846756 1.2432016 1.0820005 0.6814198 0.6688089 0.9201270 0.8292530 0.8408461 0.3451579 0.0000000 0.3332645 4.1630625 4.3206616 4.2118361 4.2197792 4.1439186 4.0945369 4.1294908 3.9355111 4.8383959 4.4246003 4.4053309 
G.gallus_WEE2_wee1like_protein_kinase_2                           1.1133410 1.3113676 1.3782020 1.3872582 1.3678570 1.5001428 1.3848753 1.3574756 1.3786573 1.3868538 1.3427157 1.3008524 1.2916146 1.3457727 1.4296137 1.4271193 1.0044149 1.1885394 1.0977143 0.7848393 0.7548210 1.0224175 0.9699181 0.9281678 0.4699926 0.3332645 0.0000000 4.2416064 4.0627849 4.1226784 4.1120460 4.2541083 3.9589815 3.9970104 3.7204868 4.8797926 4.3270741 4.4464417 
C.mydas_PKMYT1_membraneassociated_tyrosine_and_threoninespecific_ 4.3276499 3.7963785 3.5478436 3.7795881 3.5373563 3.4697704 3.3399958 3.5043275 3.5359733 3.7936611 3.5001670 3.4767095 3.4371179 3.6728221 3.7115505 3.6100034 3.9638115 4.0411378 3.7784324 3.9559795 3.9749625 4.6009168 4.2830965 4.1814806 4.1161049 4.1630625 4.2416064 0.0000000 0.5802763 1.0368389 1.0156747 0.9333789 1.1385555 0.9889544 0.9479630 1.9990826 1.6254977 1.6035738 
S.townsendi_PKMYT1_membraneassociated_tyrosine_and_threoninespeci 4.8222288 4.1372694 3.7148075 3.9483816 3.7064607 3.5931072 3.5367889 3.6892345 3.6776764 3.9315691 3.8610616 3.7642894 3.6867272 3.8856380 3.8964209 3.8168309 4.2299550 4.5413272 4.1909979 4.3904058 4.4324370 4.8596339 4.6508040 4.6291495 4.4109873 4.3206616 4.0627849 0.5802763 0.0000000 1.1776584 1.1568262 1.2073569 1.4521656 1.1975222 1.1477053 2.3580556 1.8624960 1.9617994 
X.laevis_pkmyt1.S_membraneassociated_tyrosine_and_threoninespecif 4.7486156 4.0081925 3.8936942 4.0112759 3.8052486 3.8026321 3.6214889 3.7118064 3.6825613 3.9403264 3.7580544 3.5989852 3.5131420 3.7805128 3.7230507 3.7887287 4.1451905 4.2560834 4.0361000 4.2651149 4.2770200 4.6596396 4.4475456 4.3650358 4.3239754 4.2118361 4.1226784 1.0368389 1.1776584 0.0000000 0.0654151 1.0785301 1.3941256 1.2400566 1.1972148 2.0973291 1.6721184 1.6208383 
X.laevis_pkmyt1.L_membraneassociated_tyrosine_and_threoninespecif 4.7714782 3.9926007 3.8092878 3.9235661 3.8045532 3.8432314 3.5855304 3.6709268 3.6216310 3.9391114 3.7687822 3.6231068 3.5359994 3.7686773 3.7111311 3.8158921 4.2191201 4.2103863 4.0857816 4.3338304 4.3720337 4.5601278 4.3345158 4.2598867 4.3263334 4.2197792 4.1120460 1.0156747 1.1568262 0.0654151 0.0000000 1.0718583 1.4185611 1.2290172 1.2621314 2.0554112 1.6495503 1.5843051 
C.carcharias_pkmyt1_membraneassociated_tyrosine_and_threoninespec 4.4927104 4.1190298 3.9303756 4.0846125 3.6876387 3.8208408 3.7862143 3.6943457 3.7200470 3.9180479 3.6867568 3.5872978 3.5260825 3.6621418 3.7136483 3.7343341 4.1084325 4.4245993 4.2497743 4.0077161 4.0470984 4.5857857 4.3479436 4.2952742 4.4911649 4.1439186 4.2541083 0.9333789 1.2073569 1.0785301 1.0718583 0.0000000 1.4720805 1.2318042 1.1520328 1.8688698 1.7242402 1.5100003 
F.catus_PKMYT1_membraneassociated_tyrosine_and_threoninespecific_ 4.1847434 3.9259511 3.6954625 3.8300277 3.6955652 3.6007954 3.5049206 3.7084516 3.7304724 3.8499306 3.5018676 3.5260371 3.5566513 3.8623153 3.8226265 3.7252710 3.7474465 3.6879639 3.5228129 3.9369529 3.9978521 4.4151977 4.1291988 4.0450040 4.1157350 4.0945369 3.9589815 1.1385555 1.4521656 1.3941256 1.4185611 1.4720805 0.0000000 0.2330441 0.2322520 2.0644563 1.6620354 1.8133972 
E.caballus_PKMYT1_membraneassociated_tyrosine_and_threoninespecif 4.2071860 3.8793104 3.7391109 3.8739520 3.7389328 3.6774095 3.5800281 3.7382809 3.7974675 3.8251247 3.5189126 3.5245268 3.5214581 3.9039691 3.7798529 3.8497782 3.7945664 3.8834487 3.6012403 3.9769426 4.0362260 4.7245970 4.3667811 4.3090288 4.2595181 4.1294908 3.9970104 0.9889544 1.1975222 1.2400566 1.2290172 1.2318042 0.2330441 0.0000000 0.0888056 1.8282549 1.4520608 1.5538462 
H.sapiens_PKMYT1_membraneassociated_tyrosine_and_threoninespecifi 4.0076912 3.8358892 3.5873936 3.7198917 3.5908836 3.5308741 3.3911130 3.5658004 3.6234931 3.7003843 3.3864324 3.4045927 3.4016436 3.7603885 3.6472802 3.7192213 3.5662942 3.6127952 3.3247451 3.8734270 3.9267634 4.4393881 4.1065228 4.0670056 3.9868744 3.9355111 3.7204868 0.9479630 1.1477053 1.1972148 1.2621314 1.1520328 0.2322520 0.0888056 0.0000000 1.7731540 1.4029754 1.5150220 
D.rerio_pkmyt1_membraneassociated_tyrosine_and_threoninespecific_ 5.1209766 4.2092306 3.8551568 3.9997582 4.0929759 4.0686655 3.9986880 3.7512125 3.7241630 4.1129640 4.1108885 4.0271446 4.0211443 4.0058179 4.1346998 3.9239805 4.2739632 4.2527084 4.2633636 4.5868727 4.5599149 4.7608886 4.6902037 4.6808104 4.6867182 4.8383959 4.8797926 1.9990826 2.3580556 2.0973291 2.0554112 1.8688698 2.0644563 1.8282549 1.7731540 0.0000000 1.0366517 0.8207202 
G.aculeatus_pkmyt1_membraneassociated_tyrosine_and_threoninespeci 4.6297617 4.3403685 4.0664272 4.2764162 3.9929040 4.0587854 4.0372614 3.7841639 3.8795626 4.0920501 4.0054053 3.9030669 3.9771669 3.9353262 4.0354109 3.8759118 4.1191110 4.2558470 4.0359557 4.6327249 4.8041999 4.7862651 4.2942656 4.4231692 4.4105579 4.4246003 4.3270741 1.6254977 1.8624960 1.6721184 1.6495503 1.7242402 1.6620354 1.4520608 1.4029754 1.0366517 0.0000000 0.5196524 
S.salar_pkmyt1_membraneassociated_tyrosine_and_threoninespecific_ 4.8371727 4.3780213 3.9966816 4.3005726 4.2246888 4.1226549 4.0249869 3.8959383 3.9290845 4.2161035 4.1465160 3.9949459 4.0333576 4.1710224 4.1894798 3.9426624 3.9788133 4.0795443 3.9810522 4.4195575 4.4530614 4.3638265 4.2533353 4.4158896 4.1709839 4.4053309 4.4464417 1.6035738 1.9617994 1.6208383 1.5843051 1.5100003 1.8133972 1.5538462 1.5150220 0.8207202 0.5196524 0.0000000 
